Learning by doing-2
Draw the adjacency graph representation for the input below.
13
13
0 5
4 3
0 1
9 12
6 4
5 4
0 2
11 12
9 10
0 6
7 8
9 11
5 3
Ans. adjacency matrix :                           adjacency lists:
   0 1 2 3 4 5 6 7 8 9 10 11 12                0   = 1,3,5,6
0  0 1 1 0 0 1 1 0 0 0 0  0  0                 1   = 0
1  1 0 0 0 0 0 0 0 0 0 0  0  0                 2   = 0
2  1 0 0 0 0 0 0 0 0 0 0  0  0                 3   = 4,5
3  0 0 0 0 1 1 0 0 0 0 0  0  0                 4   = 3,6
4  0 0 0 1 0 0 1 0 0 0 0  0  0                 5   = 3
5  0 0 0 1 1 0 0 0 0 0 0  0  0                 6   = 4
6  0 0 0 0 1 0 0 0 0 0 0  0  0                 7   = 8
7  0 0 0 0 0 0 0 0 1 0 0  0  0                 8   = 7
8  0 0 0 0 0 0 0 7 0 0 0  0  0                 9   = 10,11,12
9  0 0 0 0 0 0 0 0 0 0 1  1  1                 10  = 9
10 0 0 0 0 0 0 0 0 0 1 0  0  0                 11  = 9,12
11 0 0 0 0 0 0 0 0 0 1 0  0  1                 12  = 9,11
12 0 0 0 0 0 0 0 0 0 1 0  1  0
